0 422 523 1 11
1 400 523 0 12
2 185 522 6 21
3 146 522 6 22
4 107 523 22 23
5 69 523 23 24
6 166 522 2 3
7 518 521 8 26
8 498 521 7 9
9 480 521 8 10
10 459 521 9 11
11 439 521 0 10
12 381 521 1 13
13 362 521 12 14
14 342 521 13 15
15 322 521 14 16
16 303 521 15 17 27
17 283 521 16 18
18 263 521 17 19
19 244 521 18 20 28
20 224 521 19 21
21 205 521 2 20
22 127 522 3 4
23 88 521 4 5
24 49 521 5 25
25 29 521 24 29
26 518 505 7 30
27 303 505 16 31
28 244 505 19 32
29 29 505 25 33
30 518 487 26 34
31 304 487 27 43
32 244 487 28 44
33 29 487 29 53
34 518 469 30 35
35 498 469 34 36
36 480 469 35 37 54
37 459 469 36 38
38 439 469 37 39
39 422 469 38 55
40 362 469 41 56
41 341 469 40 42
42 322 469 41 43
43 303 469 31 42
44 244 469 32 45
45 224 469 44 46
46 205 469 45 47
47 185 469 46 57
48 128 469 49 58
49 107 469 48 50
50 88 469 49 51
51 69 469 50 52 59
52 49 469 51 53
53 29 469 33 52
54 480 451 36 60
55 422 451 39 61
56 362 451 40 62
57 185 451 47 63
58 128 451 48 64
59 69 451 51 65
60 480 433 54 67
61 422 433 55 68
62 362 433 56 71
63 185 433 57 78
64 128 433 58 81
65 69 433 59 82
66 498 415 67 84
67 480 415 60 66
68 422 415 61 69 87
69 400 415 68 70
70 381 415 69 71
71 362 415 62 70 72
72 341 415 71 73
73 322 415 72 74
74 303 415 73 76 88
75 244 415 76 89
76 224 415 74 75 77
77 205 415 76 78
78 185 415 63 77 79
79 166 415 78 80
80 146 415 79 81
81 129 415 64 80 90
82 69 415 65 83
83 49 415 82 85
84 518 415 66 86
85 29 415 83 91
86 518 397 84 92
87 422 397 68 93
88 303 397 74 94
89 244 397 75 95
90 128 397 81 96
91 29 397 85 97
92 518 379 86 99
93 422 379 87 104
94 304 379 88 110
95 244 379 89 98
96 128 379 90 116
97 29 379 91 121
98 244 363 95 111
99 518 363 92 100
100 498 363 99 101
101 480 363 100 102
102 459 363 101 103
103 439 363 102 104
104 422 363 93 103 105 122
105 400 363 104 106
106 381 363 105 107
107 362 363 106 108
108 341 363 107 109
109 322 363 108 110
110 303 363 94 109
111 224 363 98 112
112 205 363 111 113
113 185 363 112 114
114 166 363 113 115
115 146 363 114 116
116 128 363 96 115 117 123
117 107 363 116 118
118 88 363 117 119
119 69 363 118 120
120 49 363 119 121
121 29 363 97 120
122 422 345 104 124
123 128 345 116 125
124 422 327 122 126
125 128 327 123 127
126 422 309 124 128
127 127 309 125 129
128 422 291 126 130
129 128 291 127 131
130 422 273 128 132
131 128 273 129 133
132 422 257 130 134
133 128 257 131 135
134 422 239 132 136
135 127 239 133 137
136 422 221 134 138
137 128 221 135 139
138 422 203 136 140
139 127 203 137 141
140 422 185 138 142
141 127 185 139 143
142 422 167 140 149
143 127 167 141 158
144 518 149 145 164
145 498 149 144 146
146 480 149 145 147
147 459 149 146 148
148 439 149 147 149
149 422 149 142 148 165
150 362 149 151 166
151 341 149 150 152
152 322 149 151 153
153 303 149 152
154 244 149 155
155 224 149 154 156
156 205 149 155 157
157 185 149 156 167
158 127 149 143 159 168
159 107 149 158 160
160 88 149 159 161
161 69 149 160 162
162 49 149 161 163
163 29 149 162 169
164 518 133 144 170
165 422 133 149 171
166 362 133 150 172
167 185 133 157 173
168 127 133 158 174
169 29 133 163 175
170 518 115 164 176
171 422 115 165 184
172 362 115 166 186
173 185 115 167 195
174 128 115 168 198
175 29 115 169 179
176 518 97 170 180 206
177 400 97 184 185
178 88 97 199 200
179 29 97 175 201 207
180 498 97 176 181
181 480 97 180 182
182 459 97 181 183
183 439 97 182 184
184 422 97 171 177 183 202
185 381 97 177 186
186 362 97 172 185 187
187 341 97 186 188
188 322 97 187 189
189 303 97 188 190 203
190 283 97 189 191
191 263 97 190 192
192 244 97 191 193 204
193 224 97 192 194
194 205 97 193 195
195 185 97 173 194 196
196 166 97 195 197
197 146 97 196 198
198 128 97 174 197 199 205
199 107 97 178 198
200 69 97 178 201
201 49 97 179 200
202 422 79 184 209
203 303 79 189 210
204 244 79 192 211
205 127 79 198 212
206 518 79 176 208
207 29 79 179 213
208 518 61 206 214
209 422 61 202 215
210 304 61 203 216
211 244 61 204 217
212 129 61 205 218
213 29 61 207 219
214 518 43 208 220
215 422 43 209 225
216 304 43 210 231
217 244 43 211 232
218 128 43 212 238
219 29 43 213 243
220 518 25 214 221
221 498 25 220 222
222 480 25 221 223
223 459 25 222 224
224 439 25 223 225
225 422 25 215 224 226
226 400 25 225 227
227 381 25 226 228
228 362 25 227 229
229 342 25 228 230
230 322 25 229 231
231 304 25 216 230
232 244 25 217 233
233 224 25 232 234
234 205 25 233 235
235 185 25 234 236
236 166 25 235 237
237 146 25 236 238
238 128 25 218 237 239
239 107 25 238 240
240 88 25 239 241
241 69 25 240 242
242 49 25 241 243
243 29 25 219 242